45 45 1 63 
1 2 3 4 5 1 2 3 4 5 1 2 3 4 5 1 2 3 4 5 1 2 33 4 5 1 2 3 4 5 1 2 3 4 5 1 2 3 4 5 1 2 3 4 5 
1 2 3 4 5 1 2 3 4 5 1 2 3 4 5 1 2 3 4 5 1 32 33 34 5 1 2 3 4 5 1 2 3 4 5 1 2 3 4 5 1 2 3 4 5
1 2 3 4 5 1 2 3 4 5 1 2 3 4 5 1 2 3 4 5 30 32 35 34 35 1 2 3 4 5 1 2 3 4 5 1 2 3 4 5 1 2 3 4 5
1 2 3 4 5 1 2 3 4 5 1 2 3 4 5 1 2 3 4 35 31 32 33 34 35 31 2 3 4 5 1 2 3 4 5 1 2 3 4 5 1 2 3 4 5
1 2 3 4 5 1 2 3 4 5 1 2 3 4 5 1 2 3 34 35 31 32 33 34 35 31 32 3 4 5 1 2 3 4 5 1 2 3 4 5 1 2 3 4 5
1 2 3 4 5 1 2 3 4 5 1 2 3 4 5 1 2 33 34 35 31 32 33 34 35 31 32 33 4 5 1 2 3 4 5 1 2 3 4 5 1 2 3 4 5
1 2 3 4 5 1 2 3 4 5 1 2 3 4 5 1 32 33 34 35 31 32 33 34 35 31 32 33 34 5 1 2 3 4 5 1 2 3 4 5 1 2 3 4 5
1 2 3 4 5 1 2 3 4 35 31 32 33 34 35 31 32 33 34 35 31 32 33 34 35 31 32 33 34 35 31 32 33 34 35 31 2 3 4 5 1 2 3 4 5
1 2 3 4 5 1 2 3 4 35 31 32 33 34 35 31 32 33 34 35 31 32 33 34 35 31 32 33 34 35 31 32 33 34 35 31 2 3 4 5 1 2 3 4 5
1 2 3 4 5 1 2 3 4 35 31 32 33 34 35 31 32 33 34 35 31 32 33 34 35 31 32 33 34 35 31 32 33 34 35 31 2 3 4 5 1 2 3 4 5
1 2 3 4 5 1 2 3 4 35 31 32 33 34 35 31 32 33 34 35 31 32 33 34 35 31 32 33 34 35 31 32 33 34 35 31 2 3 4 5 1 2 3 4 5
1 2 3 4 5 1 2 3 4 35 31 32 33 34 35 31 32 33 34 35 31 32 33 34 35 31 32 33 34 35 31 32 33 34 35 31 2 3 4 5 1 2 3 4 5
1 2 3 4 5 1 2 3 4 35 31 32 33 34 35 31 32 33 34 35 31 32 33 34 35 31 32 33 34 35 31 32 33 34 35 31 2 3 4 5 1 2 3 4 5
1 2 3 4 5 1 2 3 4 35 31 32 33 34 35 31 32 33 34 35 31 32 33 34 35 31 32 33 34 35 31 32 33 34 35 31 2 3 4 5 1 2 3 4 5
1 2 3 4 5 1 2 3 34 35 31 32 33 34 35 31 32 33 34 35 31 32 33 34 35 31 32 33 34 35 31 32 33 34 35 31 32 3 4 5 1 2 3 4 5
1 2 3 4 5 1 2 33 34 35 31 32 33 34 35 31 32 33 34 35 31 32 33 34 35 31 32 33 34 35 31 32 33 34 35 31 32 33 4 5 1 2 3 4 5
1 2 3 4 5 1 32 33 34 35 31 32 33 34 35 31 32 33 34 35 31 32 33 34 35 31 32 33 34 35 31 32 33 34 35 31 32 33 34 5 1 2 3 4 5
1 2 3 4 5 31 32 33 34 35 31 32 33 34 35 31 32 33 34 35 31 32 33 34 35 31 32 33 34 35 31 32 33 34 35 31 32 33 34 35 1 2 3 4 5
1 2 3 4 35 31 32 33 34 35 31 32 33 34 35 31 32 33 34 35 31 32 33 34 35 31 32 33 34 35 31 32 33 34 35 31 32 33 34 35 31 2 3 4 5
1 2 3 34 35 31 32 33 34 35 31 32 33 34 35 31 32 33 34 35 31 32 33 34 35 31 32 33 34 35 31 32 33 34 35 31 32 33 34 35 31 32 3 4 5
1 2 33 34 35 31 32 33 34 35 31 32 33 34 35 31 32 33 34 35 31 32 33 34 35 31 32 33 34 35 31 32 33 34 35 31 32 33 34 35 31 32 33 4 5
1 32 33 34 35 31 32 33 34 35 31 32 33 34 35 31 32 33 34 35 31 32 33 34 35 31 32 33 34 35 31 32 33 34 35 31 32 33 34 35 31 32 33 34 5
31 32 33 34 35 31 32 33 34 35 31 32 33 34 35 31 32 33 34 35 31 32 33 34 35 31 32 33 34 35 31 32 33 34 35 31 32 33 34 35 31 32 33 34 35
1 32 33 34 35 31 32 33 34 35 31 32 33 34 35 31 32 33 34 35 31 32 33 34 35 31 32 33 34 35 31 32 33 34 35 31 32 33 34 35 31 32 33 34 5
1 2 33 34 35 31 32 33 34 35 31 32 33 34 35 31 32 33 34 35 31 32 33 34 35 31 32 33 34 35 31 32 33 34 35 31 32 33 34 35 31 32 33 4 5
1 2 3 34 35 31 32 33 34 35 31 32 33 34 35 31 32 33 34 35 31 32 33 34 35 31 32 33 34 35 31 32 33 34 35 31 32 33 34 35 31 32 3 4 5
1 2 3 4 35 31 32 33 34 35 31 32 33 34 35 31 32 33 34 35 31 32 33 34 35 31 32 33 34 35 31 32 33 34 35 31 32 33 34 35 31 2 3 4 5
1 2 3 4 5 31 32 33 34 35 31 32 33 34 35 31 32 33 34 35 31 32 33 34 35 31 32 33 34 35 31 32 33 34 35 31 32 33 34 35 1 2 3 4 5
1 2 3 4 5 1 32 33 34 35 31 32 33 34 35 31 32 33 34 35 31 32 33 34 35 31 32 33 34 35 31 32 33 34 35 31 32 33 34 5 1 2 3 4 5
1 2 3 4 5 1 2 33 34 35 31 32 33 34 35 31 32 33 34 35 31 32 33 34 35 31 32 33 34 35 31 32 33 34 35 31 32 33 4 5 1 2 3 4 5
1 2 3 4 5 1 2 3 34 35 31 32 33 34 35 31 32 33 34 35 31 32 33 34 35 31 32 33 34 35 31 32 33 34 35 31 32 3 4 5 1 2 3 4 5
1 2 3 4 5 1 2 3 4 35 31 32 33 34 35 31 32 33 34 35 31 32 33 34 35 31 32 33 34 35 31 32 33 34 35 31 2 3 4 5 1 2 3 4 5
1 2 3 4 5 1 2 3 4 35 31 32 33 34 35 31 32 33 34 35 31 32 33 34 35 31 32 33 34 35 31 32 33 34 35 31 2 3 4 5 1 2 3 4 5
1 2 3 4 5 1 2 3 4 35 31 32 33 34 35 31 32 33 34 35 31 32 33 34 35 31 32 33 34 35 31 32 33 34 35 31 2 3 4 5 1 2 3 4 5
1 2 3 4 5 1 2 3 4 35 31 32 33 34 35 31 32 33 34 35 31 32 33 34 35 31 32 33 34 35 31 32 33 34 35 31 2 3 4 5 1 2 3 4 5
1 2 3 4 5 1 2 3 4 35 31 32 33 34 35 31 32 33 34 35 31 32 33 34 35 31 32 33 34 35 31 32 33 34 35 31 2 3 4 5 1 2 3 4 5
1 2 3 4 5 1 2 3 4 35 31 32 33 34 35 31 32 33 34 35 31 32 33 34 35 31 32 33 34 35 31 32 33 34 35 31 2 3 4 5 1 2 3 4 5
1 2 3 4 5 1 2 3 4 35 31 32 33 34 35 31 32 33 34 35 31 32 33 34 35 31 32 33 34 35 31 32 33 34 35 31 2 3 4 5 1 2 3 4 5
1 2 3 4 5 1 2 3 4 5 1 2 3 4 5 1 32 33 34 35 31 32 33 34 35 31 32 33 34 5 1 2 3 4 5 1 2 3 4 5 1 2 3 4 5
1 2 3 4 5 1 2 3 4 5 1 2 3 4 5 1 2 33 34 35 31 32 33 34 35 31 32 33 4 5 1 2 3 4 5 1 2 3 4 5 1 2 3 4 5
1 2 3 4 5 1 2 3 4 5 1 2 3 4 5 1 2 3 34 35 31 32 33 34 35 31 32 3 4 5 1 2 3 4 5 1 2 3 4 5 1 2 3 4 5
1 2 3 4 5 1 2 3 4 5 1 2 3 4 5 1 2 3 4 35 31 32 33 34 35 31 2 3 4 5 1 2 3 4 5 1 2 3 4 5 1 2 3 4 5
1 2 3 4 5 1 2 3 4 5 1 2 3 4 5 1 2 3 4 5 31 32 33 34 35 1 2 3 4 5 1 2 3 4 5 1 2 3 4 5 1 2 3 4 5
1 2 3 4 5 1 2 3 4 5 1 2 3 4 5 1 2 3 4 5 1 32 33 34 5 1 2 3 4 5 1 2 3 4 5 1 2 3 4 5 1 2 3 4 5
1 2 3 4 5 1 2 3 4 5 1 2 3 4 5 1 2 3 4 5 1 2 33 4 5 1 2 3 4 5 1 2 3 4 5 1 2 3 4 5 1 2 3 4 5